4|S|40.811008,111.679749|0
3|S|40.812031,111.679962|1
1|M|40.811291,111.680038|0
3|S|40.812248,111.680687|1
1|M|40.811588,111.679893|1
7|S|40.811550,111.680588|0
7|S|40.812569,111.680222|0
1|M|40.812248,111.679497|1
6|S|40.811932,111.679298|1
3|S|40.812199,111.679649|0
5|S|40.811741,111.680847|0
2|S|40.810951,111.679138|1
5|S|40.812279,111.680946|1
6|S|40.810970,111.679192|0
5|S|40.811131,111.680939|1
2|S|40.812069,111.679283|0
6|S|40.812130,111.679329|0
3|S|40.811470,111.679382|1
6|S|40.812359,111.680183|0
3|S|40.812672,111.680420|0
6|S|40.812500,111.680099|0
4|S|40.812290,111.680893|1
6|S|40.811619,111.679947|1
1|M|40.811649,111.679329|0
7|S|40.812351,111.680542|0
5|S|40.811691,111.680588|0
7|S|40.810902,111.679428|1
5|S|40.812119,111.679909|1
6|S|40.810879,111.680252|1
3|S|40.811291,111.679871|1
6|S|40.812462,111.679893|0
2|S|40.811321,111.679771|1
1|M|40.812019,111.679077|1
3|S|40.812141,111.678993|1
7|S|40.812439,111.680931|1
1|M|40.811901,111.679352|0
5|S|40.811180,111.679512|1
1|M|40.811668,111.679283|0
5|S|40.811432,111.679207|1
7|S|40.811241,111.680458|1
3|S|40.811180,111.680847|1
5|S|40.812599,111.680450|0
5|S|40.811432,111.680000|1
2|S|40.812180,111.680901|0
1|M|40.812431,111.680428|0
3|S|40.810791,111.680038|1
6|S|40.812580,111.680359|1
4|S|40.811199,111.679199|0
3|S|40.812302,111.679001|0
3|S|40.810890,111.680588|0
7|S|40.812389,111.679131|1
4|S|40.811749,111.680191|0
1|M|40.811729,111.679207|1
6|S|40.811790,111.679260|1
1|M|40.812000,111.679329|0
5|S|40.812069,111.680328|1
6|S|40.811420,111.679588|0
1|M|40.812092,111.679573|0
4|S|40.812580,111.679314|0
5|S|40.811192,111.679970|1
5|S|40.811798,111.680328|1
7|S|40.811459,111.679558|0
2|S|40.812069,111.680573|0
2|S|40.811981,111.679512|1
7|S|40.810959,111.679443|0
7|S|40.812050,111.680588|1
7|S|40.812031,111.680130|0
4|S|40.811989,111.680809|0
3|S|40.811539,111.680367|0
6|S|40.811951,111.680527|1
1|M|40.811668,111.679741|1
6|S|40.811852,111.680878|1
4|S|40.812012,111.680542|1
7|S|40.811390,111.679878|1
1|M|40.812229,111.680420|1
5|S|40.810822,111.680679|1
1|M|40.812389,111.679283|1
5|S|40.810928,111.679314|1
5|S|40.811798,111.679512|0
6|S|40.812439,111.679398|0
5|S|40.811901,111.679199|1
4|S|40.811031,111.679131|0
3|S|40.811451,111.680298|0
6|S|40.812351,111.680618|1
3|S|40.811039,111.680710|0
6|S|40.812141,111.680809|0
3|S|40.812000,111.679642|1
2|S|40.811119,111.679466|1
1|M|40.812061,111.679787|1
6|S|40.811550,111.679832|1
5|S|40.812450,111.680054|0
7|S|40.811489,111.679832|0
1|M|40.812069,111.679070|1
6|S|40.812500,111.680023|0
7|S|40.811031,111.679802|0
2|S|40.812012,111.680153|1
1|M|40.810871,111.679810|0
7|S|40.812222,111.680038|1
3|S|40.811291,111.680023|1
4|S|40.811729,111.679420|1
4|S|40.812019,111.680206|0
7|S|40.811291,111.680130|1
3|S|40.810871,111.679199|1
3|S|40.812592,111.679764|0
1|M|40.811119,111.679901|1
2|S|40.811371,111.679871|0
1|M|40.811691,111.680122|0
3|S|40.811691,111.680931|1
7|S|40.811470,111.680473|0
2|S|40.812561,111.679497|1
4|S|40.811939,111.679031|0
1|M|40.811798,111.679497|0
2|S|40.811630,111.679291|1
4|S|40.811138,111.680847|1
3|S|40.810921,111.679733|1
1|M|40.810848,111.679314|0
2|S|40.811710,111.680138|0
6|S|40.811878,111.680817|1
4|S|40.812141,111.679314|0
3|S|40.811729,111.679001|0
4|S|40.811199,111.679047|1
4|S|40.811401,111.679260|0
3|S|40.812351,111.679802|1
7|S|40.811409,111.680260|1
3|S|40.812191,111.679749|1
1|M|40.811020,111.679337|1
5|S|40.811501,111.679947|1
1|M|40.811192,111.679039|1
6|S|40.811150,111.679047|0
3|S|40.811359,111.680489|1
4|S|40.811909,111.680008|1
3|S|40.811501,111.680389|1
5|S|40.811352,111.679512|0
5|S|40.812538,111.680771|0
1|M|40.811508,111.680511|1
6|S|40.811852,111.680031|1
7|S|40.812641,111.680206|1
7|S|40.812351,111.680931|1
5|S|40.811878,111.680443|0
7|S|40.811729,111.679108|1
4|S|40.811779,111.679039|1
2|S|40.811642,111.679482|1
7|S|40.811401,111.679520|1
3|S|40.812462,111.679237|0
3|S|40.811459,111.680794|1
6|S|40.812580,111.679039|1
1|M|40.812462,111.680481|0
3|S|40.811321,111.679359|1
6|S|40.812489,111.679810|0
1|M|40.811249,111.679077|0
2|S|40.811779,111.680069|0
3|S|40.811859,111.680450|1
1|M|40.811668,111.680779|1
1|M|40.811901,111.680870|0
2|S|40.812180,111.679314|0
5|S|40.812672,111.680069|0
5|S|40.810848,111.679703|0
4|S|40.812119,111.679138|1
7|S|40.811329,111.679718|1
4|S|40.811298,111.680687|1
6|S|40.812462,111.679558|1
5|S|40.811581,111.680321|0
4|S|40.812000,111.678970|0
2|S|40.812012,111.679626|1
5|S|40.811798,111.679352|0
7|S|40.811150,111.678978|0
4|S|40.812599,111.679008|0
6|S|40.811550,111.680168|0
2|S|40.811981,111.679512|0
2|S|40.812641,111.679718|0
6|S|40.812012,111.680252|1
3|S|40.812481,111.680298|0
4|S|40.811459,111.679764|0
2|S|40.811871,111.679443|0
1|M|40.811119,111.679520|0
4|S|40.810822,111.679893|0
4|S|40.811722,111.679176|1
4|S|40.810829,111.679413|1
2|S|40.812340,111.680161|0
5|S|40.811668,111.679039|0
5|S|40.811539,111.680206|0
7|S|40.811852,111.680580|0
2|S|40.811981,111.680107|0
2|S|40.811249,111.680511|1
4|S|40.812092,111.680946|0
1|M|40.811340,111.680489|1
1|M|40.811779,111.679718|0
2|S|40.811680,111.680779|1
7|S|40.810921,111.679443|0
1|M|40.811630,111.680298|1
5|S|40.811279,111.679230|1
5|S|40.812260,111.679878|0
4|S|40.812618,111.679207|0
3|S|40.811771,111.680946|0
7|S|40.811680,111.679283|1
4|S|40.812431,111.679466|0
7|S|40.810921,111.680801|0
4|S|40.812119,111.679489|1
2|S|40.812328,111.679878|0
3|S|40.810860,111.680038|0
3|S|40.812408,111.680588|0
6|S|40.812469,111.680710|1
5|S|40.811272,111.679932|0
6|S|40.811310,111.680138|0
4|S|40.811329,111.679802|0
1|M|40.811279,111.679123|1
6|S|40.811291,111.679871|0
4|S|40.812489,111.679497|0
7|S|40.811569,111.679001|0
3|S|40.811218,111.680054|1
7|S|40.812141,111.680023|0
6|S|40.810989,111.680199|1
3|S|40.810921,111.680267|1
1|M|40.811390,111.679871|1
5|S|40.812260,111.680420|1
6|S|40.811401,111.679863|0
5|S|40.811569,111.679237|0
1|M|40.812229,111.679062|1
4|S|40.811741,111.679268|1
6|S|40.811218,111.679916|0
5|S|40.810902,111.679970|0
2|S|40.812000,111.679588|1
7|S|40.812012,111.680496|0
3|S|40.811211,111.680222|1
4|S|40.812180,111.679359|1
2|S|40.812660,111.679611|1
1|M|40.811909,111.679459|1
3|S|40.812351,111.679604|0
1|M|40.812180,111.680206|0
1|M|40.811329,111.679947|0
5|S|40.812149,111.679092|0
1|M|40.811909,111.679749|1
7|S|40.811722,111.680878|1
4|S|40.811970,111.679977|1
3|S|40.810890,111.679771|0
3|S|40.811840,111.680397|0
3|S|40.811218,111.679001|1
1|M|40.811840,111.679268|0
3|S|40.810799,111.680611|1
2|S|40.810780,111.679993|1
5|S|40.812092,111.679970|0
7|S|40.812069,111.680817|0
1|M|40.812199,111.680229|1
2|S|40.811920,111.680542|0
4|S|40.811451,111.680122|1
6|S|40.812222,111.680710|0
2|S|40.811180,111.680031|0
4|S|40.812599,111.679008|1
4|S|40.812439,111.680878|1
6|S|40.811050,111.680359|1
